101 6299
63 47 46
58 38 44
61 81 32
4 9 18
73 20 67
46 19 16
19 76 6
20 14 52
49 8 43
47 8 13
82 85 46
88 51 39
34 11 78
44 17 70
27 34 2
18 44 54
53 33 70
17 67 48
32 67 3
22 57 7
3 39 1
77 73 61
92 89 11
61 34 27
20 85 34
12 51 3
99 15 97
81 20 9
3 36 23
94 76 13
79 23 4
20 48 6
10 99 6
46 8 72
8 96 28
79 81 92
81 88 31
14 54 41
41 50 52
5 9 17
79 97 9
81 56 66
62 8 22
3 5 5
68 49 18
22 47 29
18 80 21
69 74 17
4 69 66
10 60 34
20 74 34
6 85 67
74 56 22
66 66 8
100 57 18
27 21 10
3 85 52
6 86 34
58 59 65
80 24 28
92 43 17
23 17 2
61 47 7
22 4 66
3 87 28
15 39 59
48 76 33
34 86 76
63 67 23
30 89 18
77 23 23
64 89 41
62 83 78
90 26 21
35 8 18
43 27 78
5 66 55
65 19 49
15 31 42
94 93 24
20 30 3
46 3 27
70 70 10
38 34 4
13 84 63
57 34 51
19 58 31
94 19 35
30 55 39
36 59 15
34 85 73
89 55 59
21 99 11
4 47 34
82 90 62
39 26 45
14 91 17
75 10 96
71 46 3
84 57 64
84 52 30
57 73 59
2 32 30
97 97 5
24 71 67
62 45 93
83 73 2
26 48 17
51 3 26
17 79 33
94 43 35
96 4 12
90 18 48
87 33 58
42 46 3
8 72 22
15 38 68
82 23 24
68 40 6
58 70 8
31 32 64
85 43 14
65 44 11
97 35 11
33 59 26
90 14 17
32 57 47
13 39 14
34 39 62
69 99 34
55 38 82
2 15 32
76 96 23
80 98 73
20 81 80
19 41 61
34 91 53
69 8 98
100 15 7
42 54 68
99 27 70
5 84 64
53 25 15
19 19 21
63 30 18
65 49 23
21 52 37
19 2 9
59 50 59
79 54 58
73 2 42
67 86 26
20 90 17
65 56 54
95 87 69
62 88 34
23 64 25
66 12 51
84 24 13
56 27 14
37 77 13
8 14 18
38 61 28
28 72 51
98 18 21
29 56 33
47 69 44
68 78 39
62 89 76
80 74 6
18 8 17
79 67 15
44 24 51
41 61 1
69 88 82
67 99 3
33 11 1
24 50 18
41 89 25
48 69 16
7 96 35
57 17 13
59 21 12
23 66 16
7 35 76
79 79 78
38 65 91
94 97 7
90 13 25
73 59 81
97 45 82
79 85 13
25 78 73
61 54 5
62 93 6
98 99 39
1 7 14
23 74 43
36 89 100
73 72 15
29 19 56
15 3 87
96 23 9
74 12 66
27 12 83
67 66 8
56 25 25
24 3 35
29 44 2
9 12 57
99 67 60
67 71 57
99 86 59
98 50 35
39 58 70
85 39 22
48 51 18
54 83 48
64 47 25
95 61 82
81 53 64
50 14 79
60 47 20
80 100 24
99 60 35
26 75 4
15 33 10
21 54 49
72 86 35
35 79 28
77 13 32
61 60 66
49 55 52
51 22 20
1 20 20
24 31 41
44 94 27
51 50 91
81 36 30
29 62 76
61 80 38
88 85 10
80 70 93
49 63 9
5 12 24
67 41 15
79 25 40
71 26 89
92 2 30
63 33 30
2 55 56
57 46 66
7 76 88
34 25 13
10 10 6
69 70 43
56 44 66
42 89 7
49 62 21
5 56 1
3 92 61
92 98 93
99 42 2
71 62 29
67 6 42
71 65 89
90 10 18
97 60 37
11 20 25
38 98 35
82 15 20
6 24 4
1 31 51
2 1 32
80 21 36
22 96 16
12 73 86
45 74 13
78 15 24
58 62 13
32 55 15
56 92 53
15 95 24
53 57 17
83 91 68
68 14 13
52 10 86
55 75 38
1 6 8
91 73 66
27 91 23
70 62 21
36 60 2
49 25 53
95 2 17
83 37 81
50 49 21
100 54 3
15 54 57
88 17 37
97 61 70
38 54 44
46 62 9
45 29 90
22 46 41
98 67 55
72 58 9
2 98 69
36 25 12
87 55 45
29 34 24
19 95 44
85 51 31
7 36 15
52 20 26
17 50 95
15 26 71
24 58 33
64 23 57
57 3 50
44 61 54
50 38 42
70 78 80
98 3 55
65 90 73
59 62 19
61 71 12
23 67 3
49 16 61
41 62 25
26 56 57
52 100 46
99 14 31
80 96 68
14 66 91
26 14 30
27 5 62
10 13 19
24 17 56
96 73 2
12 30 70
1 76 3
26 28 34
82 100 62
4 20 59
93 38 45
98 66 72
6 16 9
66 84 43
70 35 75
67 2 72
66 53 23
54 100 50
95 37 29
24 99 1
88 39 32
43 18 22
63 69 75
1 25 17
68 96 24
99 62 50
13 92 32
4 24 26
62 52 45
35 75 86
29 68 12
18 14 26
55 11 8
58 80 1
74 75 50
14 5 3
43 42 35
29 70 72
31 25 24
7 65 71
59 6 33
54 22 11
98 20 40
99 35 33
94 94 18
21 81 55
45 14 12
85 25 56
3 90 1
70 45 13
80 8 2
23 81 11
56 33 10
53 50 8
90 22 26
37 86 4
85 94 70
63 41 43
26 53 29
32 40 1
45 15 95
75 1 9
99 52 15
18 75 38
37 34 17
78 70 45
51 46 80
74 78 41
2 50 77
25 89 86
67 31 28
11 67 13
8 44 31
84 81 63
65 60 24
5 75 39
82 88 1
49 41 80
6 62 53
84 42 6
54 79 13
61 50 13
89 87 82
92 51 81
56 74 48
68 90 22
84 71 10
89 30 6
32 90 7
65 42 2
42 66 15
23 93 33
45 89 26
88 57 41
88 40 4
38 100 91
72 61 9
23 98 6
77 28 47
92 22 19
61 19 98
54 86 2
13 100 31
26 11 16
91 32 61
60 26 47
42 45 66
79 45 3
77 93 57
75 47 2
47 38 29
84 23 14
6 75 55
89 47 25
94 100 86
68 7 44
24 39 71
3 86 81
94 95 73
34 71 65
68 30 16
82 29 3
69 40 71
97 72 16
5 31 27
18 66 21
83 74 41
65 85 92
26 99 48
58 77 41
80 25 45
6 60 32
14 73 74
48 15 53
47 27 53
39 18 2
17 75 13
78 57 1
75 5 14
53 38 67
26 91 5
80 63 65
53 97 9
80 97 7
71 80 54
49 1 17
30 74 83
35 67 26
88 86 2
29 72 75
47 3 95
7 27 22
15 64 19
12 75 86
93 54 71
93 71 6
46 4 14
56 57 36
41 71 13
46 48 27
46 6 15
37 11 13
90 27 63
65 15 86
2 85 22
44 78 71
39 33 57
53 67 38
88 15 11
23 29 17
57 88 29
72 21 17
75 7 13
93 60 1
42 58 80
39 67 14
9 11 53
8 31 2
5 61 65
41 67 49
79 22 12
74 24 30
48 20 17
64 16 7
30 53 94
21 7 41
79 28 1
75 100 4
34 88 53
71 45 36
49 7 88
68 23 20
52 4 24
49 43 23
74 42 49
82 99 45
73 17 4
97 28 46
94 71 94
20 45 57
78 39 69
83 77 69
66 3 91
78 99 68
33 24 3
30 22 80
18 86 58
53 70 46
40 19 54
54 35 14
77 69 15
40 76 5
59 14 23
72 62 4
92 67 1
87 34 23
73 43 2
79 57 33
37 53 17
3 78 8
54 66 7
52 22 50
7 1 73
11 99 10
38 22 35
70 47 15
25 32 7
52 14 60
12 58 10
67 18 16
89 13 4
31 90 16
61 88 36
22 67 20
56 3 78
75 55 56
36 93 15
93 59 10
9 22 91
95 15 3
56 62 19
47 52 14
23 79 7
61 83 26
55 74 31
32 58 30
59 54 25
20 29 49
10 42 20
59 63 25
25 2 88
95 33 96
13 31 33
25 8 36
45 2 58
80 27 15
5 46 44
24 89 83
18 43 30
44 80 62
19 61 80
66 37 55
92 95 26
82 68 50
20 2 18
79 1 31
4 58 14
90 30 40
48 53 33
48 68 13
62 85 72
42 56 34
96 76 60
60 87 49
18 97 12
89 26 56
35 13 12
85 2 8
48 18 67
5 96 1
26 69 35
74 59 21
33 15 58
90 17 62
60 21 83
9 9 3
14 12 90
57 41 40
88 41 56
99 69 18
38 42 100
49 64 27
65 23 48
59 5 14
5 36 16
10 95 46
82 8 50
53 80 27
29 64 20
17 30 7
88 91 7
70 7 48
54 46 6
39 95 43
86 53 30
36 18 91
60 19 8
63 25 38
19 80 67
5 30 1
33 31 41
37 64 53
75 60 46
65 32 80
30 52 6
56 65 54
17 42 87
62 35 3
46 35 87
68 89 5
38 36 93
45 32 6
39 85 11
7 59 59
2 66 82
4 49 40
74 13 20
15 13 2
2 99 17
41 82 13
83 14 69
18 89 39
26 81 66
40 29 1
54 40 16
100 89 17
96 32 65
62 68 62
96 54 28
16 63 56
18 78 56
75 39 81
13 44 40
79 88 4
10 56 13
4 6 74
82 95 1
52 23 65
45 3 54
83 28 3
62 48 7
62 99 44
76 28 29
30 2 18
29 11 40
18 36 4
90 2 80
27 77 82
3 81 40
9 88 6
35 36 40
24 65 93
58 85 78
39 31 38
42 44 73
67 88 29
44 77 32
34 92 11
37 16 87
47 85 45
100 71 89
27 76 17
23 52 24
14 28 8
41 92 94
76 40 67
43 13 92
16 67 18
28 2 13
22 62 80
96 18 21
67 53 12
79 13 18
93 80 25
86 76 42
14 67 20
60 94 27
40 39 68
43 37 12
3 14 55
57 82 30
97 23 66
13 10 9
100 20 18
9 63 35
32 53 5
91 92 3
97 96 4
78 20 13
35 73 68
55 46 44
99 28 65
73 22 94
29 16 5
56 52 26
35 78 18
10 9 16
6 50 36
60 32 37
22 10 76
55 86 16
71 86 32
40 93 12
49 65 9
61 91 7
59 8 13
92 1 3
62 87 82
6 39 15
54 91 43
81 91 2
69 2 70
64 77 23
20 62 17
91 44 36
22 7 34
96 9 28
63 53 25
13 16 73
9 66 59
14 46 71
80 11 19
21 100 8
86 37 80
58 78 82
43 69 53
94 92 100
26 13 47
100 44 15
65 66 62
66 10 20
94 4 1
26 19 47
73 12 45
56 70 16
18 27 13
83 81 1
55 19 24
6 82 35
67 40 55
84 61 54
12 45 60
21 16 21
70 1 77
15 27 10
60 89 13
78 8 74
75 91 73
19 24 5
57 38 34
45 65 8
45 79 7
15 92 44
95 51 23
89 23 82
5 58 1
92 45 37
46 85 65
64 44 26
87 22 7
25 63 2
45 27 26
14 86 98
73 77 64
22 100 7
80 26 12
21 41 38
82 94 4
31 24 41
43 36 44
87 63 20
72 64 11
32 44 62
43 99 54
100 53 58
84 8 7
41 11 23
100 3 3
44 71 35
56 37 32
2 11 30
82 26 13
2 84 35
97 91 25
33 46 86
41 93 43
43 87 48
24 97 64
12 27 25
68 74 70
34 99 5
56 66 35
30 45 32
76 52 2
51 61 18
58 27 23
82 4 18
60 61 61
97 100 20
21 86 92
20 84 32
36 4 12
39 90 20
7 10 29
46 68 14
7 93 34
84 85 28
67 83 55
87 2 26
81 99 85
22 70 4
66 43 12
98 13 24
23 34 44
12 18 90
56 93 52
40 95 65
64 81 79
77 25 26
35 17 1
52 39 17
11 81 66
47 60 6
14 88 46
86 3 63
27 47 42
98 64 1
97 70 67
32 29 6
74 82 25
88 94 24
34 20 35
38 10 27
55 15 59
98 89 22
51 70 10
43 94 1
96 21 23
89 96 26
77 76 27
51 86 5
27 45 96
94 6 43
50 92 11
23 47 1
91 26 38
15 88 32
99 57 67
48 26 32
94 33 52
29 74 10
68 84 3
36 51 13
7 91 1
22 61 64
58 71 54
22 43 8
57 24 70
66 68 23
54 36 37
47 22 17
56 29 11
2 39 29
49 48 50
20 92 45
76 36 67
28 22 22
38 6 43
57 5 11
90 86 40
76 65 73
94 12 8
90 20 49
82 42 36
78 17 17
59 32 77
64 39 24
1 75 84
36 52 16
51 6 53
49 42 2
30 40 2
20 37 5
69 60 56
7 3 51
69 24 13
66 73 100
76 6 90
89 64 46
26 45 22
60 38 39
38 29 77
69 16 87
37 45 7
42 13 43
89 91 23
13 20 6
95 75 94
4 12 40
67 42 57
4 1 53
87 8 57
4 35 52
87 35 74
46 78 67
45 37 54
16 46 51
64 64 25
95 34 12
23 2 1
34 74 10
94 31 20
82 31 50
78 94 43
77 92 6
85 56 41
85 98 3
60 11 40
82 91 82
42 73 19
72 50 8
53 100 91
15 2 25
17 100 62
32 65 26
21 74 6
99 61 6
98 55 24
7 22 40
9 1 10
17 56 49
70 54 8
85 71 11
3 10 80
96 28 5
65 5 11
4 62 9
35 69 13
85 62 43
24 14 46
25 16 65
71 41 26
74 96 80
37 56 21
69 5 21
90 53 11
77 62 18
60 50 32
91 77 15
30 96 43
49 18 89
27 22 33
34 68 14
66 96 40
24 95 26
48 40 3
74 67 17
2 51 2
46 5 65
93 88 73
94 18 29
20 11 41
71 1 82
38 35 36
4 93 72
78 95 61
31 15 49
16 69 53
78 75 99
29 73 12
16 59 27
53 42 3
64 93 73
17 59 15
30 73 8
4 74 89
81 19 38
4 2 4
66 21 78
30 81 100
86 94 43
71 78 45
27 43 72
8 56 37
93 47 16
87 36 65
37 49 2
34 29 31
64 65 22
71 8 17
16 75 39
11 6 85
24 53 11
87 44 28
54 70 42
81 24 5
88 69 2
91 79 2
36 19 30
34 42 84
88 46 78
2 94 54
48 30 13
6 64 80
55 31 61
70 85 20
87 67 72
97 62 6
52 64 89
21 9 6
38 20 50
61 98 15
36 79 39
61 76 17
10 23 37
49 45 100
85 52 62
61 35 44
30 9 46
72 36 82
26 21 14
7 13 8
38 90 31
83 86 34
30 18 32
65 96 38
10 85 48
13 18 11
81 62 9
90 39 45
89 48 14
21 95 44
28 45 27
21 80 60
3 11 49
25 49 11
89 70 8
25 15 70
63 6 18
69 72 27
82 58 68
98 21 16
94 65 11
1 69 22
10 29 37
78 19 10
13 52 12
4 63 29
79 7 17
93 65 9
50 74 7
91 7 19
79 71 7
38 2 67
9 4 19
66 60 4
88 55 34
27 58 43
32 47 1
31 5 35
40 53 73
76 46 12
33 13 19
19 77 10
72 49 22
66 28 53
58 40 48
40 48 15
80 53 42
85 77 54
54 45 37
80 42 14
24 1 15
91 40 18
50 44 73
69 41 56
66 82 6
38 12 4
31 14 15
85 88 69
26 41 38
1 99 4
8 93 95
78 38 49
7 100 21
53 13 31
83 21 2
30 98 22
56 17 46
22 3 96
37 35 37
40 2 33
92 78 25
8 88 33
65 79 81
2 12 27
61 13 11
33 36 39
45 44 12
88 92 19
34 96 12
7 51 35
24 72 24
77 88 11
18 1 9
66 34 19
49 49 50
81 66 10
99 94 31
50 56 41
78 9 74
67 92 95
55 54 49
27 74 15
75 88 85
86 67 10
61 20 2
12 32 17
41 45 9
99 30 17
75 63 5
1 30 48
61 22 7
88 28 62
48 65 10
80 46 48
11 50 14
44 68 34
52 30 26
7 47 41
86 2 7
78 77 78
79 4 19
98 45 8
60 95 11
26 80 6
73 76 85
1 60 74
98 43 85
44 54 68
74 6 41
63 4 23
55 66 3
9 68 64
72 6 13
69 37 71
80 61 25
96 31 41
82 63 26
58 45 30
29 36 24
97 33 20
49 9 5
20 78 28
14 2 56
83 94 27
54 85 7
49 59 38
90 12 76
54 28 48
69 54 27
84 9 7
85 78 67
19 49 31
14 69 5
51 94 55
88 64 22
62 29 31
51 66 61
85 12 4
68 13 28
26 49 2
56 1 45
27 49 25
21 11 69
26 73 94
63 87 10
67 9 16
62 74 6
67 20 42
75 34 26
51 91 28
43 79 13
41 86 70
4 8 16
19 65 39
13 66 35
31 42 78
39 89 46
67 16 73
17 65 70
92 11 80
64 75 61
39 49 25
79 31 30
62 91 30
10 58 32
40 38 78
44 53 20
52 16 84
35 30 23
49 11 58
49 35 22
6 91 97
35 63 87
36 73 30
95 11 34
64 91 7
49 68 45
36 78 6
51 30 73
73 63 1
10 36 47
88 25 60
39 47 10
53 62 24
72 57 25
18 26 8
23 58 46
6 37 3
10 82 38
58 90 2
11 59 1
74 50 45
49 3 29
97 40 3
59 47 51
43 41 26
41 76 70
80 14 77
40 99 5
49 32 20
97 79 11
83 18 96
58 51 14
37 31 70
55 62 35
6 83 82
39 63 45
42 88 38
25 93 22
69 59 51
11 7 31
34 100 24
57 77 2
59 90 42
28 46 12
2 24 52
92 13 51
21 84 88
63 72 100
87 14 61
38 23 45
43 50 46
49 4 50
93 1 58
41 1 2
35 97 72
54 17 69
18 5 1
87 15 9
13 53 28
33 70 21
83 89 75
35 46 20
38 9 19
65 7 53
38 25 9
94 15 57
32 2 60
10 8 53
57 92 35
81 95 96
32 23 13
44 6 82
66 79 57
99 66 45
96 48 11
89 77 64
23 25 19
87 76 46
56 60 5
8 90 5
5 7 20
79 47 9
59 56 57
82 51 4
28 1 4
36 11 24
10 18 44
21 48 19
53 10 53
45 62 88
59 65 30
24 90 40
29 60 15
90 21 18
60 68 13
87 64 81
29 9 7
30 62 21
83 17 3
88 70 71
51 31 4
50 18 40
52 28 1
94 34 81
78 1 38
8 80 69
10 72 40
61 84 60
83 30 99
91 46 91
57 86 30
70 56 50
22 91 16
95 48 11
34 10 29
51 83 46
60 93 5
6 43 39
26 47 7
32 85 58
48 86 16
92 28 28
2 40 16
13 17 20
36 24 10
21 53 50
83 12 59
91 12 100
6 48 71
41 51 6
91 84 99
97 95 52
59 13 52
13 87 24
6 35 15
63 61 94
25 37 39
45 1 61
16 79 85
37 5 27
14 18 31
23 78 100
60 45 39
51 78 17
94 80 1
79 21 35
86 46 1
97 67 80
56 100 36
63 76 76
63 64 69
51 16 32
41 59 35
98 37 80
31 7 45
79 90 40
71 24 81
51 43 17
71 99 46
13 48 45
9 99 63
31 44 26
58 37 97
9 27 59
48 92 24
7 39 7
95 18 22
50 25 44
10 38 19
61 26 72
69 21 67
41 66 69
65 51 69
58 57 82
33 8 97
32 43 3
2 96 10
84 12 14
84 90 44
66 93 21
85 31 22
30 97 81
5 33 88
76 31 2
27 52 85
86 88 7
22 53 53
15 47 73
79 15 19
55 13 43
17 43 62
100 9 28
35 20 5
1 28 52
3 48 83
36 87 15
65 8 45
53 39 35
20 36 8
1 12 17
16 72 59
51 37 12
75 73 4
20 51 14
76 51 21
23 19 8
75 93 3
70 23 20
23 46 92
70 30 1
21 50 31
80 81 1
87 77 48
90 82 16
23 97 17
24 94 44
26 95 46
87 48 29
39 51 16
2 31 33
41 21 56
93 91 43
99 31 61
84 35 75
46 46 4
3 83 22
15 1 37
19 68 23
35 6 16
76 74 93
21 83 36
76 44 24
23 45 6
30 16 83
2 5 42
87 21 36
78 85 18
36 3 21
60 60 72
33 39 20
74 99 10
28 66 78
74 15 33
30 19 94
11 11 13
73 89 65
69 63 63
25 14 96
78 33 47
20 5 15
30 87 11
17 45 33
17 12 74
14 25 100
77 12 1
57 74 4
26 92 16
88 50 1
34 12 22
79 43 16
96 11 5
26 52 59
8 16 65
35 89 12
23 38 9
71 19 45
73 29 63
88 7 8
97 34 4
78 29 83
5 37 82
33 32 9
8 3 50
84 58 89
45 26 64
52 69 24
11 38 27
46 71 14
38 51 66
70 16 49
34 14 43
98 34 89
75 94 11
54 64 30
4 89 20
33 50 45
16 83 95
20 41 8
25 22 34
4 17 48
74 33 2
6 77 39
70 86 16
35 37 55
75 66 46
40 90 99
63 38 58
5 59 48
24 44 41
50 27 13
4 34 63
64 31 25
89 38 82
61 29 100
14 62 35
73 98 59
14 48 65
67 94 38
69 33 26
49 19 68
38 99 13
48 35 5
47 66 48
24 35 48
20 40 48
55 5 4
80 83 6
87 75 42
16 49 24
65 70 42
56 21 71
34 37 34
25 58 22
85 81 16
77 74 21
68 87 7
80 58 46
84 29 64
63 86 16
7 57 28
85 95 12
36 44 49
35 100 85
81 96 11
67 54 26
19 35 26
42 14 35
81 25 98
91 43 80
2 77 32
52 59 20
23 48 61
69 93 27
48 14 67
30 30 13
13 47 44
14 92 29
73 26 16
3 33 77
50 43 33
41 68 19
14 22 52
98 80 2
71 10 58
67 55 3
95 88 18
16 38 26
86 16 89
27 19 18
19 75 37
64 8 48
96 90 22
9 33 27
44 35 5
91 99 39
40 21 87
24 16 11
18 48 8
26 46 44
64 4 62
26 68 16
11 94 40
44 59 16
29 27 27
70 83 49
32 38 9
23 86 43
69 15 11
26 82 3
36 39 33
58 52 3
65 18 26
54 52 100
46 13 39
43 55 25
92 88 79
88 93 84
32 63 25
98 4 14
58 54 56
53 22 30
35 19 75
66 32 40
97 55 27
42 4 6
18 29 20
10 98 38
3 13 2
1 47 50
37 85 50
82 73 92
19 48 92
19 20 53
66 27 22
6 7 11
26 71 47
23 4 55
3 72 11
41 33 42
44 92 67
88 78 15
46 52 33
100 97 13
42 70 15
40 94 91
76 22 61
15 100 89
9 52 27
97 56 33
39 97 35
75 44 10
4 83 50
17 4 70
28 76 98
50 29 16
56 23 25
86 18 78
40 78 51
72 17 25
73 27 4
33 35 1
43 46 65
98 91 85
82 87 32
44 81 35
96 26 56
87 32 52
20 57 87
29 94 84
43 2 35
97 1 24
24 87 23
36 95 82
76 68 1
52 65 17
92 56 30
63 40 28
50 81 55
77 16 22
31 39 54
60 74 55
59 93 69
55 42 39
40 67 84
8 1 2
5 4 13
31 99 53
89 84 21
96 49 71
59 31 27
81 71 29
48 3 38
69 68 59
4 71 69
50 70 40
62 49 9
31 92 4
82 27 60
77 54 95
63 62 13
41 87 13
57 85 12
56 19 82
42 18 47
94 41 63
47 64 9
4 29 69
3 91 51
30 39 18
21 5 30
1 98 19
70 59 51
7 84 30
78 7 87
78 76 19
53 32 6
24 19 60
40 14 30
41 46 23
99 22 9
51 40 1
11 70 25
32 78 15
71 23 61
7 14 26
100 58 24
57 89 8
60 4 13
49 83 26
74 19 52
32 54 22
48 96 33
70 3 46
67 21 61
60 83 44
61 45 11
56 68 40
86 23 81
96 24 68
69 38 50
43 59 39
12 9 3
44 95 21
35 76 53
13 38 31
99 59 49
39 45 79
58 12 38
27 64 7
94 39 2
79 26 88
67 64 35
29 89 83
95 9 68
70 22 28
47 44 51
43 39 14
67 68 34
13 64 19
18 100 63
64 45 42
98 95 65
87 92 93
19 39 23
31 29 70
68 42 35
4 97 26
76 63 31
2 42 77
18 38 10
28 8 56
45 90 2
49 88 56
61 2 15
15 8 25
58 43 66
99 46 24
43 74 17
20 76 12
96 52 70
83 71 17
61 82 20
5 68 2
99 65 92
82 18 20
35 61 5
46 74 55
56 98 21
4 39 36
47 53 7
27 61 1
52 26 23
8 97 71
89 52 74
85 3 14
85 67 80
97 66 55
1 8 1
55 80 34
35 66 14
29 2 10
11 88 98
44 38 16
33 45 38
33 94 13
25 99 20
1 62 38
55 90 63
27 53 1
9 28 13
29 28 14
12 86 86
64 14 46
15 15 48
19 38 97
14 96 84
95 10 22
62 34 80
35 48 90
67 26 73
43 23 43
18 91 37
16 89 57
58 42 37
71 22 33
61 15 29
11 19 23
34 57 26
8 67 96
62 25 72
78 26 57
57 26 57
89 39 4
12 11 89
9 89 39
63 58 54
98 74 17
70 60 24
89 65 3
80 62 59
48 50 26
67 79 5
94 72 43
11 62 52
30 99 55
8 49 6
94 22 85
80 88 17
40 65 55
16 37 25
69 71 11
7 80 11
75 43 45
90 44 100
68 68 22
25 95 37
31 19 43
59 51 28
50 42 69
82 75 4
24 98 32
64 1 9
10 66 79
42 79 81
3 88 87
89 80 30
31 20 20
46 49 25
58 16 26
23 26 14
56 76 19
35 65 68
84 6 45
11 25 15
34 65 15
29 45 5
15 45 16
10 65 24
42 85 77
37 4 50
62 18 32
12 10 8
69 47 46
32 36 37
73 15 20
48 75 34
43 67 68
44 50 31
76 3 9
67 12 47
17 36 9
37 14 41
8 38 74
96 65 58
73 16 28
17 69 92
66 85 22
78 43 22
81 54 13
87 11 21
79 98 3
11 21 42
37 19 65
54 67 6
38 88 85
40 51 35
95 12 23
8 64 3
88 71 12
76 45 42
10 61 5
7 83 37
39 7 14
24 67 31
65 69 30
74 84 40
14 59 88
63 48 50
20 72 66
94 24 40
23 55 5
94 66 72
85 100 6
60 17 42
45 4 12
73 28 58
76 58 20
35 35 15
47 15 14
45 59 13
85 17 69
40 87 67
33 68 29
74 65 26
67 13 22
81 94 90
42 40 50
28 89 22
30 21 80
35 91 6
54 3 37
58 25 18
45 13 1
15 97 16
43 48 46
20 69 49
78 44 4
60 80 49
48 43 23
8 79 55
62 70 49
85 50 47
4 23 53
35 94 19
7 8 53
27 27 11
33 65 3
48 74 4
68 11 85
70 52 9
90 57 35
32 34 5
58 44 65
46 99 57
15 65 78
81 98 6
49 71 5
97 94 37
1 3 33
51 2 12
12 7 23
34 70 6
35 21 25
98 16 41
50 64 1
15 79 40
18 77 47
81 63 1
50 21 57
20 1 48
76 84 4
51 100 37
90 67 33
81 12 35
68 80 28
75 81 33
93 55 16
97 8 11
65 47 18
47 97 97
26 33 72
55 22 62
28 93 73
65 99 39
32 94 7
8 53 36
76 13 99
44 31 48
55 70 13
43 96 34
32 33 58
19 10 92
65 30 14
62 11 32
90 94 57
83 6 95
42 57 26
86 14 39
35 55 86
92 32 98
86 70 18
75 84 48
54 71 33
54 37 62
75 27 27
100 77 12
38 60 69
9 45 36
40 6 20
78 71 53
34 63 50
15 91 10
37 50 74
53 34 9
14 97 23
23 68 15
12 35 54
87 1 65
70 48 30
84 69 2
68 65 57
84 2 77
24 12 45
24 34 2
34 78 78
58 19 47
42 100 22
59 73 15
26 70 86
53 84 17
46 33 39
59 40 70
13 65 55
14 21 9
95 53 5
25 33 73
75 90 7
47 11 76
99 98 12
9 87 48
32 99 64
98 42 39
36 86 69
100 78 27
3 6 35
42 15 61
95 80 95
68 12 75
91 39 31
38 97 45
32 70 21
56 35 39
93 18 7
7 7 63
70 96 87
65 39 36
47 4 73
69 44 47
28 40 38
10 28 99
44 33 47
3 75 32
7 66 6
15 7 88
67 5 89
16 18 40
55 8 96
57 69 86
46 91 8
91 85 17
45 28 73
46 53 34
100 88 3
2 38 64
33 27 93
38 76 22
28 49 77
83 95 42
26 88 33
61 24 17
91 64 36
96 34 37
10 76 73
37 32 8
22 93 87
59 12 57
41 20 10
11 39 10
35 28 69
36 15 84
88 75 25
6 58 14
3 30 97
61 51 9
100 91 16
93 90 58
35 68 51
17 11 45
41 90 33
92 96 20
44 87 1
87 20 18
18 39 56
76 87 3
44 28 39
72 81 13
52 56 29
89 8 39
41 78 38
21 42 4
24 76 11
93 51 28
30 90 18
75 28 38
76 59 1
97 93 72
51 63 52
5 90 27
7 21 4
72 70 52
82 35 17
26 12 99
36 77 13
84 98 45
50 78 95
14 99 69
17 8 34
38 47 74
84 86 41
92 6 33
96 3 35
95 38 64
97 17 94
32 74 14
38 81 74
71 67 29
22 49 39
64 17 91
71 50 68
89 61 53
19 17 46
35 58 73
88 34 12
94 59 24
42 34 24
58 32 89
20 58 18
99 38 65
83 72 40
5 8 39
91 3 63
4 57 72
17 28 75
100 94 74
56 2 20
33 33 4
83 5 48
66 65 11
95 71 15
57 44 83
60 88 16
31 18 29
73 48 54
9 73 32
79 96 52
25 13 1
70 91 93
50 68 82
94 47 7
60 36 29
33 84 74
13 88 80
24 10 27
56 10 8
68 54 12
46 22 35
29 82 1
79 9 78
29 15 36
89 11 1
4 77 17
85 10 51
64 58 34
53 71 55
65 58 21
73 18 50
64 33 93
28 97 63
92 18 14
52 42 2
49 87 66
25 45 15
42 41 38
63 51 72
46 93 1
85 54 100
3 19 15
86 79 18
54 82 23
19 40 86
82 25 82
20 18 82
92 92 70
17 32 27
6 41 27
46 88 66
8 82 8
18 51 4
67 36 1
49 92 37
82 74 55
70 75 90
2 79 53
39 56 66
53 41 68
27 8 38
95 46 100
62 69 20
100 25 62
44 10 63
64 59 7
82 55 22
32 35 53
11 8 54
71 84 39
56 75 54
88 60 7
69 61 86
60 2 50
54 25 34
36 38 81
10 20 85
77 40 65
30 76 37
76 15 45
20 9 69
80 71 36
30 1 4
78 10 23
42 92 21
1 57 41
35 23 89
9 40 2
32 76 1
59 91 13
66 25 35
4 59 24
72 73 32
14 6 24
74 36 13
12 31 26
13 1 88
8 18 36
62 24 76
98 9 62
59 82 94
34 47 81
53 95 33
37 66 13
91 4 6
29 10 56
46 60 28
40 49 36
96 72 71
57 40 45
10 40 26
55 24 80
7 4 44
44 46 29
61 6 20
96 17 76
74 23 27
58 17 52
67 62 97
69 92 15
88 66 37
78 42 32
53 43 100
36 7 4
98 100 51
81 40 40
82 24 63
81 39 81
17 58 18
87 88 45
48 19 14
89 49 77
21 14 46
83 79 39
7 19 33
93 95 62
19 23 100
17 34 30
93 94 85
78 6 63
85 49 19
97 19 77
9 58 61
18 42 85
100 98 5
58 75 18
42 74 35
85 36 70
48 37 9
44 56 85
61 93 18
61 64 79
97 88 36
10 88 13
12 14 56
36 67 22
58 88 13
42 24 92
57 23 65
31 67 3
50 67 7
12 25 8
72 43 57
73 55 52
9 2 21
43 65 70
10 91 6
33 92 12
34 35 21
94 69 66
53 30 57
73 78 4
24 63 28
76 66 37
15 90 70
33 73 94
36 20 28
60 9 27
54 75 3
31 62 28
90 61 78
29 77 1
66 78 26
52 80 2
25 83 38
99 20 94
2 6 16
83 35 97
78 45 20
71 89 50
24 85 19
52 19 41
27 71 51
19 36 37
92 41 46
18 85 3
64 38 16
38 58 31
96 43 3
83 67 55
18 90 16
77 36 19
93 12 17
95 32 58
51 33 73
5 82 35
13 35 7
47 84 25
25 4 25
90 54 41
61 27 35
49 70 53
39 29 58
57 21 89
73 84 67
58 24 14
27 78 22
100 70 50
68 51 22
39 53 63
68 48 84
18 45 2
69 42 66
98 79 53
66 35 12
77 17 81
6 81 62
13 93 50
78 93 29
26 78 43
45 93 71
47 58 8
17 86 95
71 55 63
90 9 72
52 5 16
77 55 17
35 77 8
73 51 33
10 25 5
59 22 5
71 13 39
66 64 25
11 23 74
79 5 9
41 81 12
80 41 46
73 31 63
96 41 35
72 85 1
42 81 25
29 87 30
40 15 70
47 82 28
18 70 63
56 31 8
84 25 67
76 54 22
64 96 14
18 33 78
20 89 84
57 14 77
29 86 3
83 63 10
36 28 33
19 9 20
8 10 75
92 44 9
24 33 57
68 29 9
38 40 60
61 18 66
61 25 42
3 95 57
88 10 53
93 98 35
37 21 22
89 45 22
85 65 46
50 23 80
62 19 59
39 92 58
34 51 19
73 69 39
9 44 55
54 74 20
54 72 31
38 59 60
16 21 49
28 86 46
96 56 55
78 82 37
91 100 4
35 85 50
99 25 83
94 25 44
8 81 47
62 53 3
61 100 52
60 79 22
75 21 18
84 83 99
2 13 100
33 47 5
99 83 67
83 52 17
18 73 57
82 33 46
81 23 1
13 14 28
3 43 2
72 99 63
66 89 48
71 70 12
16 52 63
12 42 2
17 54 48
6 13 77
90 25 52
82 79 81
22 22 39
37 92 25
93 43 32
99 70 40
63 98 23
71 31 45
37 8 44
80 75 81
27 99 75
95 21 61
64 61 12
3 21 76
73 21 78
27 32 75
17 35 53
85 37 63
21 23 15
17 81 76
62 92 47
25 10 57
32 11 18
39 17 12
54 43 51
91 37 80
77 60 76
1 82 68
18 52 68
55 37 79
72 28 6
70 95 68
25 86 10
72 84 45
63 99 63
99 5 62
50 83 26
15 9 45
43 83 71
36 49 1
60 43 37
8 35 13
92 75 40
36 65 87
72 66 50
46 44 68
29 26 58
52 62 83
86 55 5
18 23 40
43 17 9
22 44 2
47 25 7
74 17 22
40 37 18
23 15 44
55 48 26
86 41 15
58 13 26
61 8 15
25 57 57
44 75 37
86 75 2
94 99 14
14 70 4
66 44 24
38 62 38
15 4 49
9 48 32
12 85 49
20 61 100
13 30 61
24 28 33
47 31 78
24 93 7
81 9 59
29 31 54
36 74 82
41 9 24
34 23 8
9 50 38
83 80 95
100 23 51
24 26 25
13 98 82
29 100 70
71 58 34
77 63 17
94 91 82
97 71 2
50 26 30
68 73 51
52 31 50
21 91 51
62 15 93
70 5 2
61 69 21
86 38 62
8 41 5
48 63 3
79 20 33
94 52 49
58 34 29
68 16 12
37 9 50
49 6 2
40 100 62
62 95 42
48 41 27
44 13 41
96 89 54
58 4 1
17 74 45
52 12 85
39 86 6
66 61 10
100 40 13
39 37 59
38 3 65
77 15 2
18 20 73
71 25 42
96 85 82
18 13 24
8 65 60
25 76 67
41 12 26
30 72 95
67 45 79
16 26 19
5 81 4
70 88 35
56 36 73
46 95 56
62 84 53
45 11 97
22 88 21
33 12 38
57 47 13
6 42 23
71 53 31
49 27 54
13 59 51
48 2 73
20 88 51
94 28 52
80 32 44
83 92 42
27 54 85
66 14 27
74 27 4
48 82 27
100 14 24
80 60 19
35 56 20
72 11 32
59 25 35
23 54 36
87 40 80
58 69 86
73 87 20
30 8 96
92 38 25
78 86 61
45 23 87
34 9 11
66 29 76
55 14 20
78 32 61
22 99 61
37 74 7
4 99 7
81 85 23
16 31 83
93 93 88
78 25 6
25 79 39
59 88 7
68 32 97
60 25 56
4 91 38
5 13 16
55 51 89
80 57 36
51 93 10
84 51 65
11 71 46
3 44 69
79 58 23
62 40 9
22 65 2
59 53 8
48 36 68
42 68 14
72 12 34
43 31 19
99 73 34
25 92 9
77 1 74
8 50 12
22 59 7
94 37 88
22 17 72
50 59 54
33 29 2
37 88 28
96 1 20
87 71 14
57 76 76
54 14 78
11 34 66
23 42 65
23 100 71
21 47 11
92 24 24
93 87 18
60 41 47
26 63 80
32 69 69
13 96 38
71 60 46
10 31 23
7 18 4
42 97 31
90 24 98
12 36 8
27 40 21
21 62 15
41 47 36
14 27 67
84 4 50
15 83 59
99 41 11
52 1 29
5 77 18
86 68 14
13 27 52
29 41 49
98 1 25
46 41 57
1 53 40
4 50 22
31 63 14
99 71 65
53 20 64
5 14 14
50 57 71
31 52 5
100 26 87
87 82 7
64 62 71
23 70 34
93 96 48
27 87 95
6 99 58
91 51 21
93 85 28
54 60 27
100 61 21
15 48 10
47 61 51
29 66 9
42 12 4
38 19 75
47 19 30
22 75 20
71 85 64
22 85 43
5 26 32
24 18 21
7 24 26
64 82 38
17 92 12
37 42 5
37 70 24
78 27 37
74 91 29
29 39 42
47 73 78
56 12 40
56 50 82
81 84 56
15 21 9
14 68 46
21 79 57
11 74 17
41 40 68
36 29 70
52 58 5
47 36 8
61 95 63
91 89 18
78 31 50
16 27 88
66 11 13
39 35 24
26 85 93
70 4 69
50 3 75
28 38 5
81 41 91
9 96 41
31 56 85
23 96 25
69 20 7
19 99 23
53 36 36
3 28 14
45 40 64
92 85 8
44 20 44
70 26 34
83 25 96
51 97 11
29 84 44
97 38 27
79 44 2
63 59 23
55 96 100
71 5 1
84 80 7
72 68 96
95 92 21
64 66 35
73 57 87
5 92 28
41 54 60
36 57 2
22 63 49
89 27 27
78 88 35
49 57 10
86 92 82
60 67 9
23 75 2
51 98 1
48 28 14
25 43 80
27 56 56
100 90 19
31 65 2
22 54 26
40 89 87
71 91 49
3 82 34
29 17 24
18 4 41
55 40 53
14 79 84
66 69 73
39 42 61
90 83 91
28 17 10
70 77 67
100 48 15
65 83 75
83 20 20
88 12 28
77 29 48
68 92 86
27 90 17
89 40 49
19 44 9
46 17 37
2 2 34
57 49 90
12 33 67
50 77 53
18 79 17
25 84 50
55 49 31
21 19 95
22 16 11
30 64 16
85 46 18
99 17 43
42 52 35
43 60 9
52 51 61
53 72 7
38 66 64
51 47 45
97 25 25
81 32 55
7 60 81
34 73 81
62 4 48
58 7 6
71 96 73
60 77 21
48 77 63
65 45 72
92 40 22
56 88 15
38 13 71
61 65 20
57 43 85
51 54 67
51 38 36
48 59 31
27 93 37
36 46 95
36 68 10
49 96 33
60 27 26
3 2 7
26 76 52
51 71 29
69 32 6
75 53 29
69 76 18
53 64 44
40 17 9
16 54 69
85 53 60
88 21 99
99 1 41
15 10 40
26 38 59
98 2 45
7 25 79
50 51 95
88 2 7
31 69 4
25 85 56
29 98 39
41 73 24
4 81 21
95 76 65
69 65 19
10 70 15
50 45 36
38 85 96
7 20 54
34 30 48
66 7 7
26 7 33
42 75 56
75 56 21
24 57 9
88 73 90
13 62 43
12 94 87
70 93 15
92 73 47
76 70 88
32 32 68
83 50 1
63 55 27
16 78 38
60 81 30
77 96 2
1 63 9
55 10 19
84 99 45
71 69 21
47 1 29
47 56 79
76 55 35
6 4 68
40 47 28
21 24 100
62 27 98
32 18 10
60 24 4
11 98 13
2 34 19
92 93 61
82 96 44
28 83 20
18 10 12
82 6 54
28 41 94
37 99 31
45 31 92
80 43 44
20 86 51
83 44 44
37 52 89
60 84 35
63 39 83
39 27 30
9 79 9
76 62 29
37 72 82
77 77 35
9 57 85
30 78 48
84 13 26
91 2 38
67 91 17
4 33 35
57 65 82
32 25 65
71 9 89
26 9 37
18 35 18
38 49 12
6 70 50
31 36 61
54 94 24
98 70 3
69 86 29
53 66 25
85 92 20
21 78 29
77 27 65
7 49 54
46 18 79
6 11 94
59 2 5
10 93 6
58 15 56
23 62 2
27 95 5
49 33 46
33 44 82
75 76 39
58 81 46
84 77 35
81 74 77
61 28 12
36 42 21
74 34 60
34 4 30
44 63 13
38 46 22
63 20 41
43 62 84
74 94 58
89 34 87
25 31 28
62 62 17
97 52 96
88 62 76
47 20 43
93 68 9
96 51 27
67 69 46
66 74 84
90 41 38
34 72 18
59 79 10
12 79 90
44 74 90
5 45 11
27 36 54
37 83 8
53 26 45
33 69 92
23 27 99
27 89 78
19 79 13
62 50 7
59 17 58
74 66 34
62 22 93
83 19 59
70 29 6
88 26 78
5 2 59
25 82 96
94 27 32
6 93 20
53 77 33
49 86 44
64 54 24
91 47 14
41 31 1
17 13 4
69 17 25
43 1 17
19 3 65
6 17 34
6 52 35
7 90 11
64 52 88
7 81 38
38 83 1
29 65 25
87 30 5
20 4 18
28 19 17
16 2 2
9 21 14
17 77 27
57 55 27
13 13 74
48 91 70
42 83 33
34 90 11
13 45 36
36 36 49
57 93 19
4 42 24
9 82 60
55 63 80
22 42 59
88 49 81
29 81 17
80 99 90
36 83 36
26 65 76
30 92 20
53 99 26
8 51 53
31 11 41
88 48 98
64 32 7
59 20 67
80 36 78
88 11 62
43 58 31
63 83 32
35 45 64
84 89 90
94 2 30
62 2 6
55 98 13
38 77 67
66 51 43
89 69 43
54 23 61
43 38 36
51 96 35
59 66 20
100 99 57
74 29 7
17 97 14
34 32 6
75 87 79
32 5 97
8 86 62
87 80 91
92 53 60
28 94 31
62 56 84
82 2 83
7 82 6
29 85 47
22 95 41
99 99 18
86 12 45
31 96 37
37 17 32
48 9 19
94 23 28
65 81 77
27 24 86
40 62 84
53 46 43
97 85 28
86 61 5
82 10 17
77 100 87
93 23 71
50 86 55
88 90 57
100 55 44
31 34 34
71 54 10
90 40 1
3 61 12
57 50 21
28 88 49
21 87 75
42 27 64
41 22 80
17 68 45
26 30 25
57 33 43
68 97 21
45 66 64
86 56 33
30 77 30
84 87 8
12 16 64
74 86 21
28 81 51
6 78 32
10 1 16
46 51 62
34 60 55
82 32 98
70 11 4
94 26 1
57 51 5
17 10 2
70 10 5
37 95 63
74 88 43
68 36 9
40 59 84
22 72 97
37 82 71
40 30 71
34 95 23
14 75 47
48 97 58
69 26 65
1 90 4
73 35 22
68 20 65
6 32 83
58 6 3
91 49 89
46 10 40
32 52 29
56 9 25
96 70 73
93 57 22
56 90 20
23 63 83
15 81 15
11 52 34
49 78 19
22 37 56
21 64 50
67 7 57
12 22 41
97 57 92
41 6 37
20 38 8
55 64 2
68 53 57
37 93 79
93 74 30
10 30 23
87 72 31
39 77 99
73 96 4
96 86 98
52 96 99
35 83 29
19 90 63
87 3 17
94 10 31
51 67 3
3 65 13
41 80 3
70 43 28
14 83 76
83 69 1
69 39 47
71 48 56
61 30 28
88 99 42
94 82 49
40 84 29
60 64 11
85 80 61
91 86 42
82 80 14
50 75 88
56 38 1
12 40 9
76 60 9
42 55 77
91 71 26
87 89 32
39 78 92
28 33 32
25 9 34
65 22 73
70 99 60
93 82 70
16 100 68
13 91 1
35 18 18
10 50 37
41 10 100
79 39 59
91 18 2
52 40 9
57 97 21
88 1 65
99 44 89
15 42 73
24 6 45
43 82 21
34 5 54
37 27 92
58 67 16
54 90 67
99 90 32
89 98 7
59 81 79
15 75 66
94 3 93
59 24 89
58 55 61
13 11 55
74 48 35
17 18 2
28 69 44
46 94 7
80 38 16
8 75 67
37 18 78
17 60 4
11 96 75
44 45 45
79 41 74
100 37 6
60 37 57
52 33 48
96 81 19
5 80 28
83 36 81
27 9 22
92 70 68
64 57 79
22 23 93
48 8 37
25 88 85
84 78 36
44 93 26
79 78 53
77 72 1
62 57 53
93 100 47
32 77 87
45 77 29
64 98 14
85 35 76
78 79 12
1 65 60
12 37 51
38 80 80
65 57 64
41 28 2
29 90 77
95 27 45
34 80 42
58 56 33
66 13 96
74 100 79
69 35 39
93 16 84
38 24 6
36 27 80
90 7 6
69 55 57
32 39 11
66 31 46
9 61 40
33 34 9
19 86 39
61 21 41
23 40 31
38 70 90
49 61 85
23 31 36
56 95 82
52 73 19
23 57 25
61 41 7
8 8 24
38 15 36
26 42 94
86 17 45
16 73 80
19 73 2
86 10 18
97 43 66
21 45 75
52 55 69
53 76 3
80 3 43
97 6 55
89 46 39
55 56 45
6 65 1
51 74 85
65 1 36
68 58 12
62 1 2
96 27 46
69 73 30
94 20 64
81 14 17
27 80 29
85 57 91
83 75 13
28 20 99
31 4 46
56 72 20
92 7 94
10 74 11
3 79 16
85 90 15
13 71 27
30 44 39
21 22 72
73 97 25
17 40 23
56 80 88
22 19 10
76 30 60
18 64 74
73 42 75
89 36 11
2 70 2
99 33 12
11 100 30
83 66 7
80 4 58
83 99 47
1 72 94
6 80 13
40 64 19
61 72 17
31 38 51
32 86 59
34 59 31
15 57 13
79 99 22
24 52 7
13 43 45
32 15 8
70 98 75
46 7 11
30 95 3
49 98 79
43 30 6
81 72 79
22 86 16
58 5 66
8 23 33
90 60 13
25 26 92
35 54 14
75 20 50
56 83 23
62 17 31
99 87 39
72 20 88
55 61 11
36 97 45
48 46 10
84 37 22
56 16 55
35 41 4
39 40 64
79 6 18
96 64 8
29 78 84
94 11 96
97 51 19
29 42 96
44 42 5
77 56 6
62 10 84
9 34 5
32 68 9
98 40 39
23 11 12
12 46 12
38 7 70
68 34 37
37 24 19
8 22 57
91 16 20
37 26 7
85 21 76
36 5 45
75 96 36
73 23 21
21 93 68
14 47 63
35 51 64
93 4 95
93 97 93
3 58 3
37 65 57
25 53 40
2 87 23
14 17 66
61 42 41
80 54 26
69 91 53
81 79 30
15 18 73
29 7 61
28 78 3
97 73 81
76 91 59
9 14 36
78 65 21
85 26 88
10 4 33
24 7 35
48 1 21
97 65 46
59 49 21
82 47 58
78 16 43
36 26 22
83 22 37
33 76 15
85 85 94
84 41 3
73 56 41
79 3 36
83 2 100
15 51 17
96 95 64
17 16 19
54 92 32
29 54 70
14 45 92
90 37 83
4 37 48
42 7 42
72 80 31
23 83 86
12 82 15
19 72 46
1 24 63
20 55 44
35 71 60
4 87 39
35 57 56
53 79 12
54 7 8
79 60 35
25 24 74
53 16 54
22 5 48
58 53 68
17 31 12
67 73 58
54 10 88
98 76 26
30 10 69
26 77 8
25 1 38
14 26 2
7 16 6
40 80 44
39 66 57
1 51 35
97 36 25
12 62 42
54 21 5
85 75 15
15 28 62
69 51 52
35 9 34
55 41 53
62 44 45
86 81 78
26 54 95
20 73 95
94 70 8
43 95 59
47 6 69
96 63 82
34 76 57
45 61 17
11 3 11
67 35 1
17 19 92
37 37 6
67 67 50
10 41 46
82 57 14
77 66 82
38 56 43
55 81 32
75 25 8
38 75 5
63 91 74
88 87 98
79 50 89
1 100 11
15 53 56
36 96 20
46 45 20
34 64 27
59 87 33
16 98 49
16 44 53
10 44 73
8 19 37
53 55 28
21 89 11
63 43 24
97 11 11
65 53 3
13 67 50
91 55 8
52 90 82
64 63 96
11 78 2
95 49 49
69 49 15
42 5 14
46 72 89
81 75 28
44 21 81
39 62 55
82 64 2
65 34 21
43 84 41
84 66 11
99 45 42
12 55 94
24 56 98
95 26 35
45 33 30
25 56 79
92 81 95
11 17 9
30 68 31
23 77 14
74 5 2
19 6 9
67 90 97
88 80 23
98 36 71
12 47 97
2 35 93
65 88 59
35 64 97
67 63 59
6 72 4
2 88 8
51 64 1
6 9 39
75 15 95
36 14 71
20 8 49
30 25 27
92 87 93
63 26 43
61 57 66
75 92 62
85 7 12
2 56 20
28 42 90
34 2 30
73 64 47
21 37 2
28 56 26
94 88 21
14 44 94
17 82 47
95 5 7
28 77 19
34 75 8
36 54 15
57 30 62
89 54 92
76 83 5
50 11 100
51 79 39
14 32 8
6 74 36
98 69 50
78 91 22
96 44 48
30 94 38
79 51 24
37 78 26
11 56 67
40 3 50
32 73 51
37 58 41
34 45 56
83 87 34
7 40 94
16 12 25
40 1 54
28 61 27
76 97 28
86 90 57
49 82 63
70 25 7
97 48 81
96 46 38
40 44 97
43 85 19
30 49 69
67 8 75
28 23 14
91 19 91
67 95 88
70 9 47
83 8 43
99 23 34
76 76 70
74 72 37
82 70 8
15 82 9
12 53 6
57 72 5
83 24 10
76 80 69
58 35 74
28 91 51
82 67 44
23 32 28
44 5 89
97 41 5
14 30 10
21 21 14
16 81 70
54 88 59
95 52 2
86 28 20
75 54 32
10 79 11
98 11 40
35 40 24
76 43 18
29 6 43
50 71 4
25 23 13
63 10 14
77 99 81
95 70 45
90 52 100
28 84 60
77 45 82
31 61 84
57 68 73
7 72 64
11 16 18
30 69 30
93 76 26
11 4 16
54 59 72
72 95 80
17 22 77
14 3 52
2 19 96
63 54 27
8 25 77
50 97 34
29 57 29
36 32 9
97 68 62
54 76 28
52 8 5
52 68 80
39 10 18
26 8 76
33 89 53
17 27 64
77 35 56
3 71 42
3 89 25
23 14 31
65 52 20
17 3 24
16 20 16
53 48 5
76 72 19
80 50 30
68 77 21
30 31 18
28 47 16
16 91 12
44 41 43
100 95 100
1 84 41
9 29 67
32 3 84
30 80 2
21 75 64
87 96 76
23 12 61
61 73 54
15 50 88
62 9 45
54 55 43
86 30 71
57 31 47
63 66 79
52 37 82
100 27 47
40 45 25
82 76 81
86 34 8
70 89 30
39 30 72
100 5 18
56 28 1
70 51 35
97 2 40
53 47 13
28 71 90
98 56 49
44 98 55
67 70 34
12 57 55
3 54 4
44 57 63
55 53 89
56 51 13
8 95 23
17 17 91
58 73 15
13 95 58
47 80 12
47 76 11
98 46 14
11 97 29
95 43 63
49 76 30
60 48 8
5 23 7
9 69 27
22 80 24
38 5 7
40 35 27
50 55 37
50 20 48
35 16 46
41 99 44
70 69 61
27 20 60
84 11 44
84 43 62
4 32 43
86 27 2
84 100 87
84 44 6
26 100 11
63 35 39
4 70 26
23 20 32
67 74 11
3 80 33
62 26 14
24 42 59
3 56 93
75 78 24
64 100 37
5 83 6
27 7 12
23 89 82
18 76 57
12 77 77
5 24 30
92 25 61
95 89 59
82 93 73
57 12 2
80 93 12
45 92 17
65 27 24
30 82 43
95 94 48
58 65 28
48 58 5
16 22 85
12 21 66
84 36 14
62 38 99
100 21 10
76 32 61
59 42 28
66 19 82
96 35 67
76 67 77
66 81 29
5 57 22
76 41 36
94 60 11
21 66 13
20 50 27
65 91 61
30 61 3
45 87 30
10 19 68
93 66 59
15 68 3
52 71 50
59 61 66
33 95 14
37 80 68
1 93 25
51 1 39
89 99 26
75 38 98
82 54 74
19 69 34
67 75 78
59 98 41
74 35 39
87 39 61
85 72 94
89 56 42
60 30 52
5 87 70
56 46 92
72 47 72
40 92 31
31 28 65
17 91 19
94 61 97
76 24 7
50 37 53
19 11 28
51 77 63
12 69 63
84 54 95
57 18 33
23 36 30
12 98 84
72 97 27
97 74 44
65 40 97
16 13 48
3 26 76
7 98 47
91 17 53
50 1 47
24 54 57
21 51 94
72 25 28
38 17 1
33 80 62
55 23 65
20 20 67
27 85 52
16 51 10
14 74 8
50 4 7
73 52 46
63 3 5
99 4 31
39 48 23
95 25 57
12 84 46
40 9 11
25 7 52
20 52 99
12 64 16
4 41 15
76 42 22
44 69 12
72 46 2
40 8 11
45 18 38
16 94 47
53 85 2
7 61 45
75 45 92
70 90 57
19 54 48
59 28 53
58 97 31
51 51 10
5 6 39
44 14 42
54 80 10
31 79 14
26 64 35
26 50 62
89 73 55
32 81 2
49 10 22
86 96 44
28 4 38
74 47 1
12 19 57
33 81 59
57 56 38
62 46 24
65 13 89
39 84 30
30 4 54
23 39 32
98 62 21
82 65 85
41 43 82
53 91 1
88 23 93
23 23 68
40 66 41
98 57 30
92 10 34
19 21 39
61 43 33
55 26 17
9 17 25
50 94 59
6 15 39
73 36 98
9 47 52
73 73 58
57 66 42
51 24 76
80 23 12
88 58 3
1 42 51
6 56 75
37 22 49
6 18 62
19 52 89
56 42 81
69 13 93
2 67 43
34 49 41
31 43 40
93 35 37
5 11 36
59 44 3
32 31 30
80 91 12
12 100 41
23 49 5
84 82 45
6 94 64
84 68 84
78 63 29
50 22 28
50 62 77
52 13 38
63 42 11
29 92 96
75 19 13
22 41 64
64 73 32
45 99 62
73 60 33
30 43 18
2 89 14
91 66 65
27 96 62
67 11 15
9 65 35
46 100 20
12 52 36
92 62 70
41 65 11
50 63 53
72 54 9
17 72 54
75 70 83
16 71 27
70 27 5
28 30 92
75 40 8
59 70 45
12 8 90
99 50 20
16 15 50
46 77 8
73 45 4
36 17 36
97 39 70
87 10 27
3 93 57
36 8 8
21 29 4
65 10 45
22 69 10
17 46 68
31 55 2
42 59 27
61 10 5
46 14 73
24 5 11
74 41 33
25 11 9
52 66 11
37 87 74
89 58 63
69 19 97
67 4 3
33 22 2
87 45 32
59 30 23
91 28 93
98 32 76
83 54 35
95 30 20
77 84 6
40 11 28
41 37 96
27 31 70
74 60 86
72 35 69
72 14 77
63 63 64
74 43 4
94 81 87
67 15 44
26 89 64
93 56 49
22 25 71
43 66 16
64 86 91
67 50 88
93 75 31
32 62 58
3 100 24
55 73 60
30 57 45
91 36 1
42 38 12
57 64 56
33 38 38
4 90 96
5 63 30
59 38 2
50 54 1
87 65 66
57 15 23
47 54 87
82 50 45
38 67 49
96 93 82
16 62 58
46 92 80
83 55 98
8 94 32
52 11 61
50 73 1
59 33 59
96 91 5
39 57 26
61 79 7
29 4 5
46 37 4
88 22 84
99 2 94
90 48 56
65 2 16
34 98 95
61 89 7
6 45 76
87 84 14
60 72 73
79 40 40
91 60 3
26 18 11
70 31 38
90 38 56
50 28 65
36 84 85
90 74 66
31 76 98
32 20 51
45 88 7
89 18 66
69 22 96
19 4 11
69 28 48
15 72 45
51 81 76
9 60 57
15 89 92
32 64 34
31 72 45
21 82 78
60 62 2
60 46 43
2 27 62
10 35 39
95 98 28
28 95 54
20 28 60
84 94 14
45 67 18
62 63 7
62 47 40
51 53 52
74 30 86
43 4 58
95 60 19
96 25 57
51 75 36
100 87 90
94 68 69
36 16 7
85 69 47
63 46 68
33 61 82
74 20 83
100 96 13
76 61 36
28 57 60
4 60 14
90 89 58
90 63 1
5 65 21
15 84 10
16 77 6
39 24 11
10 78 35
100 43 50
16 36 44
59 83 22
40 75 36
35 98 4
90 3 32
91 70 20
42 43 11
2 90 54
39 69 45
71 63 31
71 73 52
86 6 58
89 22 7
23 6 15
7 38 41
10 27 17
4 7 52
18 28 31
15 87 76
73 62 85
48 42 32
75 82 25
1 11 37
79 59 11
98 22 92
70 53 81
20 6 26
76 88 13
83 60 53
72 93 77
96 55 6
54 31 67
55 27 29
86 39 48
20 32 7
47 42 38
11 83 92
16 32 56
8 47 11
90 11 26
79 38 18
15 66 71
61 7 47
78 62 19
41 97 12
8 98 41
66 70 5
97 69 33
1 1 23
53 27 58
67 87 53
53 86 17
60 35 25
40 24 71
78 96 83
81 37 34
81 87 84
36 10 17
83 96 3
90 5 12
43 93 48
20 71 19
97 83 72
76 18 54
67 32 96
45 47 41
68 47 78
60 40 9
68 75 32
45 39 36
45 8 48
63 94 37
63 88 61
69 46 71
84 39 88
59 39 27
57 39 4
43 40 2
26 98 21
30 32 32
25 91 12
12 81 54
76 93 69
54 47 30
28 48 93
91 78 55
97 21 21
99 75 43
3 60 16
66 30 47
19 56 24
32 91 32
13 24 94
25 18 65
71 61 8
66 72 89
11 54 70
55 60 25
73 3 4
18 98 24
28 43 18
40 33 4
75 31 4
97 27 24
73 83 4
48 45 33
74 49 90
96 61 74
25 60 39
64 67 2
70 68 21
3 74 45
61 31 48
77 14 10
1 26 5
8 27 3
31 45 30
24 48 91
16 43 44
8 61 10
50 95 16
37 29 74
43 89 44
20 67 66
67 23 9
96 68 74
60 76 95
6 3 66
12 61 54
47 81 38
2 41 58
12 3 32
73 44 57
5 74 18
12 54 56
24 91 43
68 24 60
22 26 94
45 20 81
47 74 44
12 56 62
51 25 86
70 33 54
66 22 4
64 6 90
31 89 24
9 36 77
71 87 54
27 18 15
60 97 7
24 100 39
7 55 17
72 33 22
95 93 59
15 56 81
99 80 20
53 81 99
93 7 38
49 75 57
10 22 9
74 58 18
23 59 49
82 77 47
59 1 86
28 80 61
46 98 17
28 18 1
32 42 32
25 72 32
34 16 100
34 43 19
57 42 17
32 27 42
90 93 48
51 5 37
90 73 34
14 90 80
80 40 41
3 73 16
58 87 15
79 92 19
37 62 9
2 25 51
22 31 65
32 72 41
27 88 38
9 26 27
45 42 75
51 39 21
26 79 79
26 66 79
11 93 83
56 54 23
29 25 72
34 24 61
44 89 40
100 92 33
61 44 25
44 27 26
63 56 1
35 2 4
96 7 1
63 44 75
19 47 4
33 74 34
7 89 98
83 10 61
33 100 95
70 42 64
68 4 54
27 4 67
43 19 5
57 70 90
80 82 69
42 28 15
89 31 85
93 34 100
50 61 53
99 16 62
86 87 42
87 94 45
71 92 14
6 96 26
84 20 11
69 48 1
40 16 64
87 59 58
9 25 32
19 85 59
44 48 19
12 68 44
64 13 79
84 60 15
40 77 65
27 39 34
17 9 25
16 30 13
72 71 99
32 87 23
77 24 4
2 10 21
66 54 38
83 45 74
46 73 69
71 77 16
13 41 16
17 73 42
58 31 88
27 35 14
16 8 68
68 70 99
86 42 78
9 49 18
53 65 39
25 41 86
88 56 36
37 33 18
27 83 8
67 60 35
38 73 66
31 10 21
99 95 2
17 1 60
51 36 65
65 95 65
85 84 93
28 16 80
24 96 28
88 42 19
58 39 57
30 23 47
78 74 72
2 81 2
76 7 11
84 53 43
93 64 53
8 26 13
65 14 30
18 17 9
34 77 31
75 58 61
96 78 10
76 81 43
52 84 56
83 32 15
89 2 9
63 31 95
82 19 95
84 28 47
82 43 28
87 6 44
7 94 24
80 56 39
74 90 11
56 18 76
78 23 88
13 61 22
93 14 39
68 33 62
73 10 51
84 56 13
92 47 21
91 81 11
31 41 44
92 77 16
28 96 38
6 40 61
48 57 62
69 84 20
86 62 24
58 60 17
22 48 48
44 64 94
66 91 78
46 27 75
79 14 66
66 63 5
18 49 90
89 12 82
15 70 14
62 31 25
87 95 71
83 85 20
25 55 45
81 65 60
42 20 47
93 21 28
47 23 65
41 88 86
35 92 4
67 98 34
85 16 57
15 37 49
62 71 91
38 48 28
97 59 3
53 96 23
22 20 4
4 51 100
28 5 35
28 11 53
57 20 27
97 50 89
2 62 13
19 94 35
60 52 40
43 25 2
71 20 27
70 15 10
3 67 26
66 59 77
75 22 82
55 72 37
65 62 40
9 85 38
16 55 4
14 72 41
20 3 39
79 2 51
23 85 66
67 49 81
58 48 74
36 31 10
16 99 29
55 17 36
76 78 80
72 13 97
18 67 63
17 98 37
2 76 17
95 16 67
42 48 2
31 88 74
47 65 47
45 97 53
91 20 27
91 82 2
96 47 36
81 3 47
41 77 1
87 86 3
74 2 65
21 34 65
97 84 49
27 41 80
78 46 30
24 59 55
58 58 30
22 50 37
6 44 7
4 96 68
51 15 2
78 73 56
87 9 11
4 43 89
73 6 100
23 41 25
47 33 26
46 64 51
73 92 4
23 56 34
84 10 38
33 21 92
47 28 22
40 98 58
65 48 4
27 23 82
94 55 44
55 52 86
6 71 78
100 6 24
15 86 18
93 86 7
9 56 51
19 93 35
71 49 8
5 21 77
87 69 92
74 77 39
77 30 98
13 25 52
84 7 9
41 24 100
20 91 11
78 59 18
84 33 28
58 95 2
100 52 86
5 94 25
81 34 27
71 21 87
9 97 6
6 12 38
10 2 46
11 27 8
2 69 35
49 91 49
1 66 2
77 83 80
42 39 35
84 72 40
92 83 86
27 50 38
83 58 49
37 41 19
29 51 61
21 97 45
65 28 73
44 73 58
48 60 40
87 62 1
81 2 18
29 24 9
20 34 75
63 50 64
36 12 85
99 40 32
46 55 43
54 9 32
10 52 8
88 29 20
74 53 40
31 87 2
76 89 62
9 92 28
57 80 2
18 9 68
88 5 60
27 33 51
85 20 12
68 82 23
3 53 24
90 90 26
22 38 35
55 88 9
8 43 58
19 91 19
31 9 53
52 46 26
41 38 23
76 50 19
16 25 12
51 4 92
27 6 97
10 26 7
77 75 52
32 26 44
26 74 87
19 59 39
79 34 56
42 67 31
38 89 38
61 33 38
92 86 93
58 46 37
83 15 31
76 73 19
80 31 26
74 79 75
71 75 90
82 81 38
65 21 80
58 93 5
20 43 2
34 58 72
90 87 3
79 30 61
92 12 70
74 55 5
67 39 13
60 15 70
93 19 82
80 37 72
73 65 8
30 12 79
22 60 1
43 68 51
99 48 39
98 24 11
65 46 41
38 78 26
54 32 60
27 26 100
36 85 9
40 58 32
52 35 40
61 62 59
37 1 12
87 58 34
48 89 23
67 100 21
48 61 34
45 73 70
87 19 51
3 20 41
90 96 32
81 35 76
91 61 13
42 91 57
80 85 35
55 95 79
6 76 9
44 37 45
5 48 23
12 12 8
100 80 45
86 7 16
23 21 73
33 19 9
17 6 88
14 51 78
55 32 64
75 42 93
98 7 71
13 55 98
15 78 60
86 63 49
20 21 41
96 33 96
20 24 50
7 15 60
92 21 19
80 52 89
100 69 57
99 8 65
63 16 34
81 26 2
14 77 36
97 90 41
4 54 85
72 30 43
92 19 21
74 71 80
21 57 87
27 25 31
91 53 72
5 52 7
11 13 63
70 24 55
17 33 63
58 86 31
83 3 8
67 59 84
80 17 31
93 39 41
34 31 14
7 75 99
100 7 97
88 31 46
29 37 4
3 38 49
94 90 56
17 55 5
71 51 16
77 90 97
22 36 26
23 53 53
88 68 43
80 67 48
71 11 34
39 93 1
11 42 2
1 33 78
3 23 48
29 61 35
58 89 24
79 100 36
51 99 22
48 73 52
100 18 32
96 50 5
24 80 16
77 19 15
15 74 52
97 82 80
89 81 28
95 66 28
26 62 25
18 83 87
29 14 68
19 87 57
72 77 63
59 71 30
98 14 58
73 50 54
83 93 33
21 6 15
54 2 33
95 56 32
48 4 40
61 49 36
39 43 6
33 93 32
76 29 20
67 72 56
93 25 35
75 89 83
98 48 24
61 58 49
52 99 29
29 1 27
92 15 10
6 53 89
41 41 61
100 29 14
19 84 7
67 19 61
60 56 35
40 82 26
81 81 12
40 63 3
85 99 27
49 79 1
95 99 48
91 41 37
35 80 75
87 81 87
91 97 69
100 60 72
76 98 25
3 68 43
65 6 24
66 77 28
57 91 75
84 31 29
90 80 85
18 31 5
10 17 91
30 48 61
14 64 98
87 85 94
1 56 43
71 36 36
53 23 71
75 67 78
55 79 19
51 41 26
25 27 87
83 46 39
59 60 79
51 69 37
59 55 95
85 48 42
65 86 58
50 12 21
79 16 19
23 51 18
85 47 21
62 97 5
19 55 98
86 95 76
29 49 93
87 4 76
53 51 91
61 99 96
100 19 21
65 74 43
68 45 23
51 14 15
24 82 3
53 1 94
17 90 30
91 27 97
71 30 80
13 56 92
24 60 80
94 9 88
28 21 61
87 87 43
79 89 21
40 60 12
50 84 47
43 80 9
7 85 67
99 9 15
80 95 81
98 19 16
10 16 73
82 46 51
76 26 87
15 44 36
42 16 1
77 44 96
72 32 5
59 43 49
28 10 42
54 61 94
56 14 34
44 84 17
5 15 97
89 66 60
49 2 45
84 70 52
45 9 39
91 25 7
100 30 11
74 80 28
18 55 24
97 53 75
62 82 46
89 67 11
8 30 7
60 33 2
46 21 1
21 85 49
80 47 8
76 37 14
71 12 98
64 29 3
57 58 56
27 62 23
66 18 22
67 34 95
9 78 19
96 57 12
100 45 34
34 18 24
66 90 14
11 43 37
74 57 4
2 3 55
17 15 55
48 25 52
78 80 29
8 57 34
18 46 43
62 67 86
63 96 26
2 54 45
2 83 59
77 48 73
38 84 3
8 45 78
25 81 27
29 40 9
97 9 6
62 5 86
92 4 65
93 2 74
16 60 84
18 61 19
86 97 73
28 63 4
52 48 7
90 69 5
26 24 15
14 31 40
87 99 76
88 35 31
81 31 44
72 18 45
40 57 22
56 41 80
87 100 14
31 48 76
77 46 93
36 75 2
77 18 6
86 45 47
9 13 96
44 86 4
64 55 17
89 15 47
1 87 71
32 95 78
49 20 20
87 78 71
71 29 12
55 30 41
36 70 51
72 56 70
64 76 99
86 77 12
25 19 65
14 7 67
29 53 60
88 6 100
11 46 87
64 20 64
60 82 24
51 59 42
70 97 79
39 22 11
59 69 60
36 63 98
38 1 6
45 24 46
42 32 49
5 40 71
74 3 27
35 81 11
32 75 53
58 29 44
76 75 48
72 90 31
81 8 25
9 64 26
87 60 9
21 71 99
82 44 42
72 34 25
52 47 39
47 87 16
44 4 21
97 3 75
68 88 97
27 28 54
61 96 81
18 99 55
100 22 35
76 38 26
3 37 49
1 64 49
25 74 12
72 16 26
49 97 84
68 69 70
41 84 23
37 68 18
65 38 91
1 32 27
74 63 25
60 69 43
47 47 31
43 53 14
99 49 49
27 29 56
44 26 6
11 79 55
5 47 15
28 6 20
19 15 73
43 92 26
28 54 86
65 77 15
34 61 84
28 31 85
14 93 100
79 72 31
12 41 10
12 80 17
87 97 64
47 99 74
92 33 23
52 85 12
68 22 39
42 8 93
73 25 80
6 21 30
83 34 61
59 84 35
6 23 71
82 20 21
54 29 85
38 79 20
65 71 90
74 98 72
85 30 48
29 71 6
20 35 94
35 99 27
8 46 38
36 90 66
70 55 66
30 84 7
56 13 60
94 64 31
16 6 76
57 52 24
1 91 76
30 47 18
100 2 12
27 48 47
16 88 32
89 1 37
1 39 74
65 43 37
83 88 94
16 48 87
3 77 73
55 55 93
68 39 24
25 6 53
68 5 19
98 60 41
58 11 26
71 68 48
80 2 27
21 36 18
72 82 46
28 87 51
86 20 76
100 42 30
65 3 100
81 29 43
92 39 63
84 26 68
57 98 29
5 50 18
77 52 10
96 74 35
13 46 94
5 73 17
27 15 18
45 86 26
12 72 98
33 7 64
4 64 51
100 56 22
92 26 51
10 53 4
30 26 68
88 84 5
54 33 39
53 93 70
7 5 46
87 83 16
12 2 82
83 78 62
67 85 68
95 100 52
92 50 67
70 73 19
19 32 11
84 73 74
51 89 24
72 53 86
72 41 63
56 34 47
41 74 3
39 100 42
46 59 23
74 44 47
46 34 75
50 39 49
92 29 84
67 1 22
56 24 72
83 76 53
24 77 13
96 79 29
3 70 59
2 65 12
6 14 19
84 50 18
30 56 34
57 95 8
54 81 13
79 36 83
43 24 50
29 32 24
92 65 55
54 98 43
97 14 40
30 28 5
4 18 80
72 67 9
77 7 19
87 27 14
35 52 29
34 79 4
19 42 74
99 11 71
59 35 99
74 61 71
24 68 35
83 48 81
43 33 20
2 100 28
33 41 47
41 55 80
45 30 39
5 19 20
100 84 84
4 85 72
36 94 15
95 62 96
45 94 51
3 18 41
77 57 31
4 25 18
41 16 64
97 4 91
4 100 15
14 10 66
46 1 7
39 34 63
74 28 66
14 52 72
80 33 1
52 52 99
22 58 16
14 50 94
45 58 17
78 53 82
59 46 23
92 58 12
20 25 92
72 24 4
27 11 57
17 41 34
31 50 79
67 17 61
25 70 89
52 77 75
29 93 51
85 5 15
83 100 94
59 10 9
94 36 13
58 84 28
50 100 55
17 25 65
85 18 53
90 50 91
99 7 47
92 8 71
15 11 25
11 29 72
14 78 40
78 58 69
50 2 14
14 13 54
55 100 72
20 49 18
88 97 39
48 64 34
72 48 99
89 29 62
16 41 4
55 21 79
72 29 51
81 83 64
86 52 6
21 3 1
55 58 69
2 30 12
41 17 78
72 27 89
66 33 61
28 37 95
86 29 61
1 79 43
96 100 18
68 67 17
57 100 88
97 10 24
31 57 51
46 12 1
9 90 76
83 7 46
56 26 18
92 76 60
5 95 99
87 56 13
42 61 1
84 21 78
78 18 64
56 97 36
20 13 52
13 90 72
13 7 85
52 81 31
62 64 2
38 72 44
82 49 17
51 72 95
10 55 21
13 40 38
8 33 42
45 54 2
100 36 84
50 58 21
59 77 1
17 89 54
51 95 98
42 23 34
60 1 21
78 41 41
91 5 90
80 1 23
84 15 81
1 85 40
22 29 76
30 86 77
75 72 47
7 32 21
10 45 9
12 6 21
71 32 5
72 39 64
13 2 59
64 87 66
8 37 35
42 98 61
99 64 1
93 40 66
44 58 11
26 23 32
36 48 100
46 82 15
76 33 62
70 74 4
80 73 50
79 74 79
4 38 2
13 63 52
12 87 29
16 39 7
48 24 24
18 95 87
11 31 85
41 48 66
6 27 15
94 78 81
18 34 32
95 50 10
84 74 9
83 70 96
10 24 51
80 79 71
26 4 59
74 74 76
46 69 18
94 30 65
15 5 9
100 47 57
82 22 93
11 51 46
48 78 7
53 68 2
43 3 29
70 17 99
71 72 62
51 55 17
14 53 99
31 22 82
81 27 99
92 99 16
50 15 36
63 71 14
4 86 41
6 87 28
91 11 35
73 19 83
39 80 28
76 90 57
87 54 45
73 11 44
14 61 94
35 25 96
1 5 31
14 100 9
44 15 3
87 18 96
21 26 23
61 66 99
64 9 56
71 64 65
29 22 11
21 70 39
92 66 24
88 74 54
35 15 73
56 78 37
2 8 89
9 37 49
57 99 79
74 62 71
26 86 17
75 46 31
3 45 81
10 46 98
22 9 25
10 51 88
54 8 36
82 78 45
9 41 15
86 49 8
67 93 99
53 18 84
10 49 55
19 27 81
66 56 19
21 8 19
25 97 7
35 88 16
56 47 1
1 94 18
63 15 78
69 23 75
74 52 13
41 18 15
6 68 63
37 97 95
49 37 65
74 69 50
38 64 23
4 46 1
51 84 4
17 26 70
50 41 94
95 13 36
48 33 7
30 17 72
53 89 100
41 2 7
28 36 20
41 94 86
6 30 76
98 51 80
12 1 47
88 20 5
51 42 27
48 38 48
32 88 82
71 42 74
43 54 43
17 39 62
38 4 42
73 33 48
73 9 78
42 47 1
17 62 85
57 78 51
75 4 55
59 67 7
52 34 14
40 40 4
5 88 54
10 69 23
61 70 29
59 52 36
82 89 19
32 100 27
55 45 15
19 51 7
80 51 31
80 16 58
98 27 60
99 63 76
63 2 5
28 35 85
26 84 40
67 57 81
64 72 66
75 50 30
82 83 39
3 1 40
81 82 4
49 85 23
14 49 1
13 80 66
19 14 17
66 8 11
78 67 2
86 89 72
6 92 1
7 17 45
14 71 52
28 52 45
32 80 46
94 16 86
64 7 69
12 83 80
35 84 60
30 41 100
13 8 12
78 12 42
85 22 55
39 94 60
13 69 62
35 90 4
4 21 61
50 65 81
28 14 55
85 73 98
82 14 59
92 5 57
20 83 42
42 63 68
73 37 84
64 10 77
52 49 16
69 77 29
99 32 55
49 95 42
80 10 17
23 82 21
99 21 52
89 93 37
7 69 80
17 78 28
47 49 22
96 19 57
69 1 93
16 80 80
66 80 18
90 64 78
47 92 54
19 83 81
42 25 22
43 73 44
66 98 21
2 63 45
66 41 65
39 39 9
74 83 62
54 6 1
19 74 78
10 81 38
25 52 25
2 7 43
88 100 47
45 5 40
80 7 3
91 74 38
5 43 73
66 99 91
100 67 28
92 36 46
62 75 9
44 67 51
60 20 10
22 21 70
97 77 64
35 95 1
52 15 45
50 53 82
32 50 7
45 6 36
63 8 53
62 33 72
34 44 43
96 77 56
76 21 95
95 59 68
56 32 35
62 58 5
25 40 93
78 54 80
76 79 10
52 41 65
23 95 59
40 72 26
64 60 88
48 67 58
74 51 66
88 3 13
91 65 47
13 12 11
59 97 60
41 25 15
58 98 1
57 62 64
22 1 55
59 58 44
97 89 1
87 79 44
94 17 10
13 3 61
71 82 57
98 97 65
95 78 74
36 55 44
64 70 73
21 17 41
6 69 38
51 68 25
12 90 75
21 77 34
3 76 6
11 84 86
1 36 61
10 12 63
40 54 5
46 38 94
44 100 53
65 36 41
92 49 55
2 71 53
27 94 80
33 26 58
1 23 58
100 79 67
43 51 61
35 24 58
65 80 68
70 39 58
75 61 45
62 66 62
51 88 14
81 28 58
89 41 16
89 4 81
19 97 45
76 4 55
92 94 57
56 45 90
32 17 45
18 94 12
11 75 33
20 77 40
49 53 96
57 22 47
17 64 60
44 29 17
10 86 22
77 68 60
74 85 19
98 77 55
55 94 60
67 81 43
40 86 100
53 83 35
47 10 11
27 79 59
23 1 56
9 19 46
63 32 92
65 97 29
25 21 58
17 53 16
76 8 66
47 43 85
88 36 75
45 21 33
58 83 10
64 42 60
92 54 5
70 65 55
34 55 91
26 5 39
78 5 72
72 91 80
89 83 79
20 46 51
37 39 39
62 20 77
100 85 41
2 46 58
70 46 44
52 82 16
79 27 8
13 28 16
1 81 72
83 65 32
68 76 27
62 13 38
11 76 87
49 69 82
64 74 19
36 22 29
53 58 20
37 30 54
22 52 35
21 40 39
63 29 80
27 30 50
13 4 37
78 35 8
78 11 75
49 90 69
36 81 44
29 12 52
56 85 5
64 69 34
36 1 47
35 7 43
36 23 71
33 72 93
57 59 86
65 11 96
39 5 5
30 33 75
73 85 13
12 96 21
63 78 18
45 7 34
69 31 24
69 87 9
50 24 89
85 86 59
98 63 94
11 30 3
36 37 20
16 87 99
91 96 70
20 60 18
27 82 86
15 14 92
8 42 23
34 93 97
27 100 19
77 64 17
52 3 77
46 54 25
39 87 23
36 6 1
38 96 99
6 20 88
1 61 34
69 80 70
95 31 26
51 49 22
74 45 87
96 14 62
56 49 49
77 97 5
21 33 10
20 42 17
56 39 15
11 48 6
20 54 62
48 7 18
87 26 4
96 40 46
42 84 22
29 3 26
25 68 45
67 29 68
67 25 48
12 88 45
12 38 29
18 57 79
80 22 49
49 38 49
56 69 89
33 66 12
53 7 13
62 65 82
73 81 98
72 72 73
83 42 2
75 24 14
68 37 97
89 63 26
53 52 53
69 85 61
98 28 95
6 73 21
96 39 48
23 28 29
14 29 22
39 23 25
71 66 7
47 89 1
84 91 53
44 36 74
70 72 12
81 69 21
49 31 24
43 10 63
50 66 73
39 20 74
65 24 2
58 9 60
94 44 5
76 64 78
16 57 39
33 48 12
33 54 32
20 44 48
77 22 85
33 58 42
73 71 15
72 8 33
86 9 35
34 28 10
33 55 33
71 3 19
43 44 2
61 1 40
7 74 25
75 97 56
50 36 65
25 80 86
85 60 27
78 84 45
64 35 90
83 49 66
45 71 35
18 92 23
12 67 33
17 52 53
19 67 44
9 98 50
22 15 73
43 47 83
78 83 27
79 56 38
12 91 57
26 16 87
96 36 93
13 75 98
50 50 98
74 46 96
95 86 15
98 25 9
97 22 47
33 77 99
10 77 25
70 79 70
59 76 92
45 38 8
95 77 30
4 14 30
26 93 64
34 38 21
7 71 100
43 75 23
59 99 97
38 8 59
46 90 42
64 2 26
46 39 71
4 84 4
12 78 33
68 31 19
71 34 79
30 75 7
52 27 39
5 42 37
20 96 56
30 15 71
31 2 33
64 84 67
21 25 25
85 23 19
92 16 30
33 28 3
40 4 6
11 10 31
6 36 1
97 76 47
99 72 77
28 25 32
18 60 48
70 82 72
77 58 32
80 5 12
34 26 13
43 97 93
79 37 23
51 52 50
4 52 42
85 33 4
93 49 63
69 98 84
67 84 79
42 72 86
16 92 48
60 86 4
97 13 81
66 17 85
38 82 61
9 95 85
13 97 43
47 5 52
61 4 32
72 40 47
39 76 11
82 84 24
14 94 52
94 14 93
33 43 63
7 56 77
9 35 89
49 46 28
80 77 80
47 9 25
41 56 95
56 63 97
89 32 14
24 38 75
37 2 18
13 60 82
26 60 58
43 9 68
69 78 33
81 44 17
83 4 13
89 88 89
8 5 18
61 56 69
35 1 11
36 45 89
91 33 70
39 28 52
75 83 85
73 14 16
51 9 82
58 99 83
96 97 47
53 94 58
53 31 9
15 49 9
79 66 24
87 13 10
92 3 57
30 46 73
84 14 92
47 13 85
21 98 91
34 94 15
93 30 71
81 64 99
19 45 97
59 45 88
64 34 14
78 100 92
90 42 93
91 98 83
89 35 78
18 37 59
30 35 12
93 9 20
29 23 29
35 96 28
36 13 28
7 29 28
90 85 73
73 4 13
69 30 14
94 32 37
3 4 90
65 72 95
3 12 59
20 59 62
15 36 63
8 71 93
40 32 24
39 15 28
51 85 15
90 15 19
68 95 87
2 37 57
48 27 7
47 55 90
92 74 75
100 8 68
81 61 72
39 74 31
73 53 35
94 62 72
37 94 9
68 57 8
94 85 57
32 46 4
42 86 64
31 74 28
91 94 77
81 11 47
35 59 34
66 86 59
45 95 48
10 90 69
12 15 38
58 96 25
87 43 32
42 36 92
99 36 26
49 26 66
93 33 13
6 97 56
57 36 89
50 89 67
96 96 51
14 38 59
70 40 68
60 54 87
99 55 96
31 95 15
70 14 40
68 8 8
54 87 56
32 14 7
98 68 87
6 34 94
89 82 36
56 89 58
77 61 13
69 12 66
82 17 77
55 97 38
17 38 78
63 5 51
7 52 21
24 47 22
37 47 9
54 89 33
71 2 32
28 59 28
6 51 81
39 11 43
4 82 87
12 60 36
28 100 15
12 63 6
77 43 16
30 6 29
48 81 99
9 30 29
46 66 19
48 70 46
81 1 47
39 79 30
49 44 13
39 65 76
46 23 21
92 68 73
29 67 60
81 68 73
60 78 84
94 1 19
55 50 7
3 62 4
46 40 71
32 19 83
87 73 28
63 11 19
58 2 66
69 58 18
55 59 77
3 52 8
68 3 15
44 99 82
13 85 21
100 1 90
90 59 51
62 16 24
41 85 71
84 67 80
60 6 91
18 3 46
6 54 53
49 60 25
44 55 83
72 26 50
37 46 13
54 56 57
84 38 55
37 13 15
74 89 70
62 28 86
10 80 70
12 29 60
8 29 58
48 44 41
2 92 4
89 72 81
86 43 96
89 97 32
97 29 98
94 73 53
64 79 77
5 39 97
35 62 16
82 52 61
52 53 85
31 16 90
3 40 70
36 82 89
56 79 79
40 10 70
15 12 65
52 17 88
68 55 61
94 98 62
90 81 78
5 79 10
77 39 44
66 100 62
31 93 79
100 81 73
25 46 78
59 68 14
70 84 89
82 86 13
47 88 94
10 89 25
15 30 78
24 36 31
84 95 80
58 74 63
45 19 43
99 76 43
9 91 9
33 90 47
10 83 50
2 18 42
45 75 73
44 82 62
78 22 81
79 77 20
9 7 74
48 22 35
31 54 8
54 18 1
28 62 64
8 77 83
86 8 23
85 38 16
57 37 61
50 9 39
16 97 55
6 95 10
67 80 53
90 97 50
17 49 83
55 71 21
41 63 60
46 89 58
3 22 25
38 11 4
5 5 9
32 71 42
51 21 41
73 5 59
19 31 84
22 45 63
8 85 25
60 70 92
45 68 10
23 35 84
86 78 69
5 78 52
83 27 26
84 76 76
95 54 8
37 54 49
68 91 64
50 35 76
4 19 87
96 87 61
52 2 20
68 50 15
4 30 92
39 72 45
18 65 38
78 61 29
22 39 82
42 99 1
24 62 27
81 50 27
22 35 32
19 100 12
93 70 53
25 73 20
52 57 32
31 53 8
35 49 77
100 64 88
91 93 43
80 20 33
100 93 23
30 50 9
63 80 62
59 100 52
56 6 7
18 25 15
80 55 47
79 53 97
5 76 93
25 65 55
71 27 65
98 82 100
89 76 80
29 20 98
31 85 66
26 34 72
90 35 34
23 76 13
1 2 5
95 97 22
54 57 31
45 16 29
66 2 14
12 66 73
92 71 26
44 2 7
25 61 11
75 98 55
32 10 51
32 84 96
45 100 100
85 13 37
44 1 89
75 79 73
10 6 53
44 76 99
52 63 16
90 95 5
75 99 81
17 37 53
77 82 95
56 53 72
50 30 85
47 78 80
34 62 52
11 68 51
69 11 52
28 75 54
1 92 73
76 77 99
91 83 49
94 50 59
69 52 20
86 100 60
95 82 63
10 64 70
85 79 39
33 14 16
39 16 6
85 9 7
39 36 74
88 38 23
60 90 20
82 16 2
69 56 80
91 87 73
23 99 31
37 28 3
59 3 19
72 2 22
56 81 53
35 31 76
68 9 49
67 65 98
74 92 27
29 76 81
95 17 4
58 100 66
37 90 88
31 46 32
72 59 3
94 46 59
94 42 24
28 26 67
36 76 19
66 50 70
90 8 60
46 61 72
31 78 50
97 16 20
63 12 94
15 40 56
43 57 98
16 86 9
66 39 93
6 49 53
98 54 9
13 72 95
7 73 72
83 98 42
77 87 72
81 6 13
5 29 55
2 74 100
52 91 77
50 99 39
76 71 96
